 1.399956
 1.420998
 2.071377
 2.011985
 1.739936
 1.250062
 1.428542
 1.422195
 1.295626
 1.437588
 1.155721
 1.499474
 1.499309
 1.894912
 1.529412
 1.250019
 1.599903
 1.929184
 1.231390
 1.225442
 1.783529
 1.679138
 1.143487
 1.750000
 1.508929
 1.281250
 1.170732
 1.361111
 1.387097
 1.403846
 1.403846
 1.681818
 1.363636
 1.295681
 1.809430
 1.249942
 1.380932
 1.441489
 1.450951
 1.552230
 1.279641
 1.514206
 4.038963
 1.148257
 1.357807
 1.302982
 1.644162
 1.308389
 1.485044
 1.158829
 1.450920
 1.880870
 1.749985
 1.499997
 1.141266
 1.312102
 1.134569
 1.446756
 1.119688
 1.127717
 1.341667
 1.333333
 1.104263
 1.465576
 1.172131
 1.309594
 1.289576
 1.605250
 1.231643
 1.391375
 1.036879
 1.055788
 1.157451
 1.333333
 1.356837
 2.236258
 1.385950
 1.680372
 0.000000
 1.814977
 1.256948
 2.187892
 1.113284
 1.300752
 1.479952
 1.052632
 1.353350
 1.368426
 1.449836
 1.282269
 2.130782
 1.564023
 1.525986
 1.549676
