 1.529013
 1.661623
 1.156285
 1.594926
 1.088715
 1.444567
 1.544521
 1.451140
 1.000647
 1.409164
 1.068834
 1.660322
 1.661301
 1.700282
 0.804374
 1.423118
 1.105288
 1.424151
 1.228395
 0.046905
 1.575447
 2.884533
 1.200823
 0.947452
 0.814206
 1.204634
 1.321503
 1.168214
 1.294546
 0.004713
 0.005015
 0.799339
 0.006478
 0.008770
 1.340264
 1.073224
 1.417323
 1.373196
 1.090758
 1.572512
 1.274814
 1.067810
 6.343743
 0.942740
 1.353023
 1.072796
 1.383817
 0.127078
 0.496346
 1.344878
 1.511321
 1.469495
 1.051532
 1.598860
 1.340756
 0.679326
 0.735851
 1.503948
 1.235206
 1.377108
 1.186642
 1.529764
 0.033623
 1.638905
 1.021299
 8.478582
 1.174216
 0.536407
 1.430994
 1.327489
 1.347736
 0.994583
 0.955415
 0.962089
 1.410946
 1.036209
 1.278569
 1.445472
 0.000000
 1.248037
 1.303527
 1.913592
 1.479004
 1.316587
 0.938898
 0.677701
 1.307781
 1.314995
 1.417123
 0.971804
 0.913472
 1.379179
 1.675268
 4.458646
