 1.529037
 1.661629
 0.858477
 1.775834
 1.088174
 1.444293
 1.544528
 1.362750
 0.980222
 1.409164
 1.067056
 1.660322
 1.661469
 1.771732
 0.784423
 1.423137
 1.105283
 1.431630
 1.248882
 1.128700
 1.576046
 1.686682
 1.168406
 0.940457
 0.828036
 1.172075
 1.321502
 1.220030
 1.129604
 0.004768
 0.005078
 1.311062
 0.005175
 0.013156
 1.372612
 1.420879
 1.417283
 1.354759
 1.043090
 1.572968
 1.265917
 1.048059
 1.919028
 0.938526
 1.260912
 1.072799
 1.701720
 0.852772
 1.612915
 1.344445
 1.581185
 1.468678
 1.291411
 1.120283
 1.342427
 1.249058
 0.722758
 1.503937
 1.230850
 1.491649
 1.163396
 1.065214
 1.153030
 1.350716
 1.023074
 1.065168
 1.175479
 0.529864
 1.431891
 1.289721
 1.216903
 0.995792
 0.965284
 0.980496
 1.397114
 1.025477
 1.257365
 1.445919
 0.000000
 1.621519
 1.303749
 1.100464
 1.223157
 1.261366
 1.108543
 0.677701
 1.385509
 1.314963
 1.417081
 0.941153
 0.475047
 1.328463
 1.675361
 4.942902
