 1.528832
 1.661480
 1.156285
 1.514880
 0.519810
 1.444567
 1.479649
 1.374479
 1.000633
 1.411286
 1.059800
 1.660525
 1.661505
 1.699734
 6.814140
 1.647621
 1.496272
 1.424151
 1.222090
 0.044056
 1.677345
 0.033703
 1.877660
 0.947452
 6.413179
 0.004036
 1.321503
 1.282065
 0.003890
 0.098891
 0.100541
 0.981007
 0.005178
 0.006661
 1.340264
 1.358100
 1.417323
 1.348133
 1.458876
 1.697338
 1.281261
 1.065784
 6.450591
 0.942870
 1.364282
 1.287445
 1.483505
 0.847041
 0.468441
 1.344738
 1.511426
 1.469495
 1.104080
 1.788951
 1.339783
 1.259180
 1.130839
 1.534775
 0.018677
 1.377108
 1.186642
 0.495295
 1.279253
 1.422345
 0.048998
 1.280800
 1.198047
 0.536407
 1.430994
 1.327548
 1.286319
 0.995802
 1.050797
 1.017232
 1.422695
 0.982470
 1.316464
 1.445656
 0.000000
 2.027728
 0.886945
 1.913600
 1.738763
 1.316586
 1.108556
 0.677701
 0.816882
 1.314922
 1.417023
 0.988779
 0.933613
 1.290525
 1.678044
 4.448370
