 1.574712
 1.731844
 1.152170
 1.283025
 1.136328
 1.333511
 1.403762
 1.384535
 1.000612
 1.498360
 1.062604
 1.729804
 1.731061
 1.768437
 1.046202
 1.399792
 1.108921
 1.491494
 1.217346
 1.546292
 1.523166
 1.349310
 1.255659
 0.954545
 1.080594
 1.318182
 1.315790
 1.208333
 1.473684
 1.458333
 1.500000
 1.000000
 1.500000
 1.302319
 1.354552
 1.413665
 1.444047
 1.374931
 1.075502
 1.602663
 1.311502
 1.030902
 2.262742
 1.048790
 1.327032
 1.074587
 1.604680
 1.094743
 1.640261
 1.350647
 1.496513
 1.584575
 1.350007
 1.141029
 1.337639
 1.253521
 0.895491
 1.411657
 1.005846
 1.349544
 1.194352
 1.039063
 1.216874
 1.579535
 1.066176
 1.083165
 1.170510
 1.090686
 1.426768
 1.216875
 1.368434
 0.996339
 1.021189
 1.038462
 1.435805
 1.040168
 1.277154
 1.446187
 0.000000
 1.260274
 1.431803
 0.848147
 1.572649
 1.287989
 1.093804
 1.332332
 1.389703
 1.290996
 1.443831
 0.888768
 0.976731
 1.379896
 1.727512
 2.598644
