 1.422591
 1.439577
 1.714226
 2.043964
 1.569144
 1.249984
 1.402919
 1.416597
 1.181818
 1.363213
 1.145088
 1.499108
 1.498777
 1.915818
 1.452145
 1.199953
 1.437974
 1.879155
 1.188572
 1.175369
 1.816164
 1.741966
 1.117717
 1.350000
 1.439873
 1.257143
 1.148936
 1.333333
 1.342857
 1.375000
 1.375000
 1.576923
 1.338983
 1.269254
 1.687253
 1.174922
 1.406836
 1.459889
 1.408410
 1.578290
 1.164448
 1.311289
 3.692433
 1.095515
 1.302403
 1.278537
 1.619542
 1.249940
 1.475925
 1.125726
 1.371112
 1.867208
 1.588225
 1.391882
 1.138534
 1.256039
 1.117277
 1.421780
 1.106790
 1.090373
 1.386277
 1.304878
 1.090246
 1.466130
 1.164179
 1.231764
 1.213407
 1.553937
 1.176981
 1.297057
 1.027580
 1.039476
 1.128527
 1.250000
 1.301197
 1.612437
 1.313219
 1.634473
 0.000000
 1.769002
 1.303364
 2.244279
 1.118456
 1.199991
 1.374924
 1.035715
 1.372099
 1.425172
 1.460889
 1.228829
 1.691426
 1.416603
 1.518915
 1.401758
