 1.599194
 1.713118
 1.199971
 1.672310
 1.097083
 1.666500
 1.666449
 1.529230
 1.084795
 1.372463
 1.145009
 1.710419
 1.711630
 1.863754
 0.782143
 1.428305
 1.083392
 1.437410
 1.234017
 0.044591
 1.553086
 3.120750
 1.172158
 1.052632
 0.790780
 1.166667
 1.333334
 1.166666
 1.299999
 0.004457
 0.004665
 0.764707
 0.005913
 0.008068
 1.428362
 1.111250
 1.499573
 1.424211
 1.080030
 1.661243
 1.367193
 1.045820
 6.891683
 0.967796
 1.240913
 1.051367
 1.380992
 0.112422
 0.466452
 1.356237
 1.464497
 1.442859
 1.142479
 1.615362
 1.383102
 0.645833
 0.719518
 1.545300
 1.251081
 1.489362
 1.171826
 1.547170
 0.032604
 1.600379
 1.021505
 9.736123
 1.234263
 0.511759
 1.494701
 1.268567
 1.310293
 0.994984
 0.918537
 1.000000
 1.349886
 1.056805
 1.261806
 1.400648
 0.000000
 1.219288
 1.260690
 2.055383
 1.476111
 1.246495
 0.933464
 0.656800
 1.362140
 1.362760
 1.499330
 0.962234
 0.877459
 1.333307
 1.708939
 4.849774
