 1.472427
 1.531756
 1.361920
 1.813093
 1.312173
 1.284916
 1.403233
 1.405931
 1.101455
 1.411683
 1.103409
 1.573972
 1.574136
 1.865717
 1.235965
 1.286705
 1.309557
 1.731674
 1.200201
 1.330168
 1.714528
 1.683464
 1.141668
 1.101730
 1.253509
 1.276993
 1.212788
 1.293261
 1.381307
 1.395610
 1.405916
 1.321188
 1.377263
 1.279355
 1.545412
 1.260243
 1.419432
 1.429668
 1.287222
 1.586494
 1.244678
 1.174756
 3.531888
 1.072177
 1.311147
 1.192496
 1.614482
 1.184253
 1.554878
 1.205106
 1.416748
 1.764768
 1.475251
 1.279760
 1.204373
 1.254928
 1.025616
 1.417940
 1.014719
 1.219384
 1.285683
 1.148173
 1.104346
 1.485803
 1.104513
 1.160753
 1.193395
 1.367352
 1.273787
 1.256088
 1.173185
 1.017858
 1.076768
 1.132649
 1.348861
 1.243677
 1.296752
 1.563412
 0.000000
 1.660056
 1.341395
 1.805457
 1.360272
 1.245869
 1.252914
 1.169711
 1.377228
 1.387367
 1.454969
 1.043739
 1.208513
 1.402292
 1.584830
 1.949875
