72.301
68.040
101.718
94.214
0.032
4.320
7.896
10.169
0.472
0.444
0.152
1.324
2.840
10.261
10.201
2.520
11.337
3.212
1.084
2.540
12.805
2.848
1.676
2.428
2.268
6.912
13.437
3.696
2.776
4.548
5.124
7.812
6.384
5.544
5.628
18.673
13.313
14.133
32.070
0.852
0.756
3.556
6.732
6.804
3.432
100.914
0.004
0.008
0.476
34.390
77.337
23.917
4.716
2.780
3.964
1.860
27.562
10.565
0.640
0.716
3.616
49.587
3.128
7.608
27.906
0.008
0.920
16.329
0.068
1.808
3.260
0.628
5.636
0.096
0.116
12.689
0.004
3.736
19.241
0.204
3.556
38.742
237.055
0.532
0.000
39.378
3.180
0.220
31.210
15.805
8.997
0.060
0.188
0.348
4.692
3.572
